0.707107,-0.707107,-0.260648 0.0,-1.0,-0.260648 255,212,96 2
0.0,-1.0,-0.260648 0.0,-1.0,0.260648 255,212,96 2
0.0,-1.0,0.260648 0.707107,-0.707107,0.260648 255,212,96 2
0.707107,-0.707107,0.260648 0.707107,-0.707107,-0.260648 255,212,96 2
1.0,0.0,-0.260648 0.707107,-0.707107,-0.260648 255,212,96 2
0.707107,-0.707107,0.260648 1.0,0.0,0.260648 255,212,96 2
1.0,0.0,0.260648 1.0,0.0,-0.260648 255,212,96 2
0.707107,0.707107,-0.260648 1.0,0.0,-0.260648 255,212,96 2
1.0,0.0,0.260648 0.707107,0.707107,0.260648 255,212,96 2
0.707107,0.707107,0.260648 0.707107,0.707107,-0.260648 255,212,96 2
-0.0,1.0,-0.260648 0.707107,0.707107,-0.260648 255,212,96 2
0.707107,0.707107,0.260648 -0.0,1.0,0.260648 255,212,96 2
-0.0,1.0,0.260648 -0.0,1.0,-0.260648 255,212,96 2
-0.707107,0.707107,-0.260648 -0.0,1.0,-0.260648 255,212,96 2
-0.0,1.0,0.260648 -0.707107,0.707107,0.260648 255,212,96 2
-0.707107,0.707107,0.260648 -0.707107,0.707107,-0.260648 255,212,96 2
-1.0,-0.0,-0.260648 -0.707107,0.707107,-0.260648 255,212,96 2
-0.707107,0.707107,0.260648 -1.0,-0.0,0.260648 255,212,96 2
-1.0,-0.0,0.260648 -1.0,-0.0,-0.260648 255,212,96 2
0.0,-1.0,0.260648 -0.707107,-0.707107,0.260648 255,212,96 2
-0.707107,-0.707107,0.260648 -1.0,-0.0,0.260648 255,212,96 2
-0.707107,-0.707107,-0.260648 -1.0,-0.0,-0.260648 255,212,96 2
-0.707107,-0.707107,0.260648 -0.707107,-0.707107,-0.260648 255,212,96 2
0.0,-1.0,-0.260648 -0.707107,-0.707107,-0.260648 255,212,96 2