1.394793,0.278205,0.780469 1.182059,0.475648,1.334373 234,84,85 2
1.182059,0.475648,1.334373 1.182059,0.475648,-1.334373 234,84,85 2
1.182059,0.475648,-1.334373 1.394793,0.278205,-0.780469 234,84,85 2
1.394793,0.278205,-0.780469 1.394793,0.278205,0.780469 234,84,85 2
0.953575,-0.16081,-2.381485 1.182059,-0.475648,-1.334373 234,84,85 2
1.182059,-0.475648,-1.334373 1.182059,0.475648,-1.334373 234,84,85 2
1.182059,0.475648,-1.334373 0.953575,0.16081,-2.381485 234,84,85 2
0.953575,0.16081,-2.381485 0.953575,-0.16081,-2.381485 234,84,85 2
1.394793,0.278205,-0.780469 1.394793,-0.278205,-0.780469 234,84,85 2
1.394793,-0.278205,-0.780469 1.394793,-0.278205,0.780469 234,84,85 2
1.394793,-0.278205,0.780469 1.394793,0.278205,0.780469 234,84,85 2
1.394793,-0.278205,0.780469 1.182059,-0.475648,1.334373 234,84,85 2
1.182059,-0.475648,1.334373 1.182059,0.475648,1.334373 234,84,85 2
1.394793,-0.278205,-0.780469 1.182059,-0.475648,-1.334373 234,84,85 2
1.182059,-0.475648,-1.334373 1.182059,-0.475648,1.334373 234,84,85 2
0.789822,0.224536,1.556929 1.182059,0.475648,1.334373 234,84,85 2
1.182059,-0.475648,1.334373 0.789822,-0.224536,1.556929 234,84,85 2
0.789822,-0.224536,1.556929 0.789822,0.224536,1.556929 234,84,85 2
0.505385,0.16081,-2.381485 0.404401,0.475648,-1.628763 234,84,85 2
0.404401,0.475648,-1.628763 0.404401,-0.475648,-1.628763 234,84,85 2
0.404401,-0.475648,-1.628763 0.513659,-0.16081,-2.381485 234,84,85 2
0.513659,-0.16081,-2.381485 0.505385,0.16081,-2.381485 234,84,85 2
0.953575,0.16081,-2.381485 0.505385,0.16081,-2.381485 234,84,85 2
0.513659,-0.16081,-2.381485 0.953575,-0.16081,-2.381485 234,84,85 2
-1.182059,0.475648,-1.334373 -1.182059,0.475648,1.334373 234,84,85 2
-1.182059,0.475648,1.334373 -1.394793,0.278205,0.780469 234,84,85 2
-1.394793,0.278205,0.780469 -1.394793,0.278205,-0.780469 234,84,85 2
-1.394793,0.278205,-0.780469 -1.182059,0.475648,-1.334373 234,84,85 2
-1.182059,0.475648,-1.334373 -1.182059,-0.475648,-1.334373 234,84,85 2
-1.182059,-0.475648,-1.334373 -0.953575,-0.16081,-2.381485 234,84,85 2
-0.953575,-0.16081,-2.381485 -0.953575,0.16081,-2.381485 234,84,85 2
-0.953575,0.16081,-2.381485 -1.182059,0.475648,-1.334373 234,84,85 2
-1.394793,-0.278205,0.780469 -1.394793,-0.278205,-0.780469 234,84,85 2
-1.394793,-0.278205,-0.780469 -1.394793,0.278205,-0.780469 234,84,85 2
-1.394793,0.278205,0.780469 -1.394793,-0.278205,0.780469 234,84,85 2
-1.182059,0.475648,1.334373 -1.182059,-0.475648,1.334373 234,84,85 2
-1.182059,-0.475648,1.334373 -1.394793,-0.278205,0.780469 234,84,85 2
-1.182059,-0.475648,1.334373 -1.182059,-0.475648,-1.334373 234,84,85 2
-1.182059,-0.475648,-1.334373 -1.394793,-0.278205,-0.780469 234,84,85 2
-1.182059,0.475648,1.334373 -0.789822,0.224536,1.556929 234,84,85 2
-0.789822,0.224536,1.556929 -0.789822,-0.224536,1.556929 234,84,85 2
-0.789822,-0.224536,1.556929 -1.182059,-0.475648,1.334373 234,84,85 2
-0.404401,-0.475648,-1.628763 -0.404401,0.475648,-1.628763 234,84,85 2
-0.404401,0.475648,-1.628763 -0.505385,0.16081,-2.381485 234,84,85 2
-0.505385,0.16081,-2.381485 -0.513659,-0.16081,-2.381485 234,84,85 2
-0.513659,-0.16081,-2.381485 -0.404401,-0.475648,-1.628763 234,84,85 2
-0.505385,0.16081,-2.381485 -0.953575,0.16081,-2.381485 234,84,85 2
-0.953575,-0.16081,-2.381485 -0.513659,-0.16081,-2.381485 234,84,85 2
-0.789822,0.224536,1.556929 0.789822,0.224536,1.556929 234,84,85 2
0.789822,-0.224536,1.556929 -0.789822,-0.224536,1.556929 234,84,85 2
1.182059,-0.475648,1.334373 -1.182059,-0.475648,1.334373 234,84,85 2
1.182059,-0.475648,-1.334373 -1.182059,-0.475648,-1.334373 234,84,85 2
-1.182059,0.475648,1.334373 1.182059,0.475648,1.334373 234,84,85 2
-1.182059,0.475648,-1.334373 1.182059,0.475648,-1.334373 234,84,85 2
-0.404401,-0.475648,-1.628763 0.404401,-0.475648,-1.628763 234,84,85 2
0.404401,0.475648,-1.628763 -0.404401,0.475648,-1.628763 234,84,85 2