0.254321,0.101013,2.605875 0.708236,0.5,1.0 0,0,0 2
0.708236,0.5,1.0 0.708236,-0.507517,1.0 0,0,0 2
0.708236,-0.507517,1.0 0.254321,-0.101013,2.605875 0,0,0 2
0.254321,-0.101013,2.605875 0.254321,0.101013,2.605875 0,0,0 2
4.131536,-0.077232,0.286796 2.007329,-0.639842,0.341041 0,0,0 2
2.007329,-0.639842,0.341041 2.007329,-0.40243,0.341041 0,0,0 2
2.007329,-0.40243,0.341041 4.131536,0.077232,0.286796 0,0,0 2
4.131536,0.077232,0.286796 4.131536,-0.077232,0.286796 0,0,0 2
-0.708236,-0.507517,1.0 0.708236,-0.507517,1.0 0,0,0 2
0.708236,-0.507517,1.0 0.708236,-0.507517,-1.0 0,0,0 2
0.708236,-0.507517,-1.0 -0.708236,-0.507517,-1.0 0,0,0 2
-0.708236,-0.507517,-1.0 -0.708236,-0.507517,1.0 0,0,0 2
0.708236,-0.507517,1.0 1.0,-0.359442,0.708236 0,0,0 2
1.0,-0.359442,0.708236 1.0,-0.359442,-0.708236 0,0,0 2
1.0,-0.359442,-0.708236 0.708236,-0.507517,-1.0 0,0,0 2
1.0,0.359442,0.708236 0.708236,0.5,1.0 0,0,0 2
0.708236,0.5,1.0 0.708236,0.5,-1.0 0,0,0 2
0.708236,0.5,-1.0 1.0,0.359442,-0.708236 0,0,0 2
1.0,0.359442,-0.708236 1.0,0.359442,0.708236 0,0,0 2
1.0,0.359442,0.708236 1.0,-0.359442,0.708236 0,0,0 2
0.708236,0.5,-1.0 0.708236,-0.507517,-1.0 0,0,0 2
1.0,-0.359442,-0.708236 1.0,0.359442,-0.708236 0,0,0 2
-0.254321,0.101013,2.605875 0.254321,0.101013,2.605875 0,0,0 2
0.254321,-0.101013,2.605875 -0.254321,-0.101013,2.605875 0,0,0 2
-0.254321,-0.101013,2.605875 -0.254321,0.101013,2.605875 0,0,0 2
4.131536,0.077232,-0.286796 4.131536,-0.077232,-0.286796 0,0,0 2
4.131536,-0.077232,-0.286796 4.131536,-0.077232,0.286796 0,0,0 2
4.131536,0.077232,0.286796 4.131536,0.077232,-0.286796 0,0,0 2
2.007329,-0.40243,0.341041 2.007329,-0.40243,-0.643684 0,0,0 2
2.007329,-0.40243,-0.643684 4.131536,0.077232,-0.286796 0,0,0 2
4.131536,-0.077232,-0.286796 2.007329,-0.639842,-0.643684 0,0,0 2
2.007329,-0.639842,-0.643684 2.007329,-0.639842,0.341041 0,0,0 2
2.007329,-0.40243,-0.643684 2.007329,-0.639842,-0.643684 0,0,0 2
2.007329,-0.40243,-0.643684 1.0,0.359442,-0.708236 0,0,0 2
1.0,-0.359442,-0.708236 2.007329,-0.639842,-0.643684 0,0,0 2
1.0,-0.359442,0.708236 2.007329,-0.639842,0.341041 0,0,0 2
2.007329,-0.40243,0.341041 1.0,0.359442,0.708236 0,0,0 2
-0.377125,0.798644,-0.572816 0.377125,0.798644,-0.572816 0,0,0 2
0.377125,0.798644,-0.572816 0.377125,0.798644,0.572816 0,0,0 2
0.377125,0.798644,0.572816 -0.377125,0.798644,0.572816 0,0,0 2
-0.377125,0.798644,0.572816 -0.377125,0.798644,-0.572816 0,0,0 2
0.708236,0.5,-1.0 -0.708236,0.5,-1.0 0,0,0 2
-0.708236,0.5,-1.0 -0.708236,-0.507517,-1.0 0,0,0 2
0.377125,0.798644,-0.572816 0.708236,0.5,-1.0 0,0,0 2
0.708236,0.5,1.0 0.377125,0.798644,0.572816 0,0,0 2
-0.708236,-0.507517,1.0 -0.708236,0.5,1.0 0,0,0 2
-0.708236,0.5,1.0 -0.254321,0.101013,2.605875 0,0,0 2
-0.254321,-0.101013,2.605875 -0.708236,-0.507517,1.0 0,0,0 2
-2.007329,-0.40243,0.341041 -2.007329,-0.639842,0.341041 0,0,0 2
-2.007329,-0.639842,0.341041 -4.131536,-0.077232,0.286796 0,0,0 2
-4.131536,-0.077232,0.286796 -4.131536,0.077232,0.286796 0,0,0 2
-4.131536,0.077232,0.286796 -2.007329,-0.40243,0.341041 0,0,0 2
-1.0,-0.359442,-0.708236 -1.0,-0.359442,0.708236 0,0,0 2
-1.0,-0.359442,0.708236 -0.708236,-0.507517,1.0 0,0,0 2
-0.708236,-0.507517,-1.0 -1.0,-0.359442,-0.708236 0,0,0 2
-0.708236,0.5,-1.0 -0.708236,0.5,1.0 0,0,0 2
-0.708236,0.5,1.0 -1.0,0.359442,0.708236 0,0,0 2
-1.0,0.359442,0.708236 -1.0,0.359442,-0.708236 0,0,0 2
-1.0,0.359442,-0.708236 -0.708236,0.5,-1.0 0,0,0 2
-1.0,-0.359442,0.708236 -1.0,0.359442,0.708236 0,0,0 2
-1.0,0.359442,-0.708236 -1.0,-0.359442,-0.708236 0,0,0 2
-0.708236,0.5,1.0 0.708236,0.5,1.0 0,0,0 2
-4.131536,-0.077232,0.286796 -4.131536,-0.077232,-0.286796 0,0,0 2
-4.131536,-0.077232,-0.286796 -4.131536,0.077232,-0.286796 0,0,0 2
-4.131536,0.077232,-0.286796 -4.131536,0.077232,0.286796 0,0,0 2
-2.007329,-0.40243,-0.643684 -2.007329,-0.40243,0.341041 0,0,0 2
-4.131536,0.077232,-0.286796 -2.007329,-0.40243,-0.643684 0,0,0 2
-2.007329,-0.639842,0.341041 -2.007329,-0.639842,-0.643684 0,0,0 2
-2.007329,-0.639842,-0.643684 -4.131536,-0.077232,-0.286796 0,0,0 2
-2.007329,-0.639842,-0.643684 -2.007329,-0.40243,-0.643684 0,0,0 2
-1.0,0.359442,-0.708236 -2.007329,-0.40243,-0.643684 0,0,0 2
-2.007329,-0.639842,-0.643684 -1.0,-0.359442,-0.708236 0,0,0 2
-2.007329,-0.639842,0.341041 -1.0,-0.359442,0.708236 0,0,0 2
-1.0,0.359442,0.708236 -2.007329,-0.40243,0.341041 0,0,0 2
-0.708236,0.5,1.0 -0.377125,0.798644,0.572816 0,0,0 2
-0.377125,0.798644,-0.572816 -0.708236,0.5,-1.0 0,0,0 2